world: 629f80ab-fbdb-4f06-b9c8-dd32b80c1a5d
world-name: event
x: 1.2713304454256968
y: 167.0
z: 2.168636696162737
yaw: -179.40943908691406
pitch: 30.749921798706055
name: event
lastowner: 0ce69aef-de2b-4724-b08b-30856d40c66e
