world: fde0745c-5ce4-4299-8400-d39e4c1d9107
world-name: hub
x: 0.5
y: 160.0
z: -38.5
yaw: -0.08674021065235138
pitch: 2.6360154151916504E-4
name: HUB
lastowner: 0ce69aef-de2b-4724-b08b-30856d40c66e
