hub:
  world: hub
  x: 0.5
  y: 99.0
  z: 0.5
  yaw: -0.03717198967933655
  pitch: -0.14985372126102448
